12 12 13 11 00 0 1 
12 10 01 01 14 0 1 2
22 23 29 11 18 2 3 4
25 3 20 8 40 3 3 0
51 2 22 1 27 4 3 1
5 0 18 10 50 2 1 2
58 3 28 7 22 2 1 3
1 17 17 4 27 2 0 4
59 4 10 1 15 4 1 2
53 16 27 2 69 0 0 3
52 12 23 11 90 1 4 1
33 2 17 12 32 4 2 3
39 20 14 3 88 1 3 4
44 16 28 1 25 4 3 3
7 15 5 8 51 1 1 4
51 15 8 6 38 1 2 1
17 19 6 1 63 4 2 3
50 13 20 6 26 0 3 1
27 10 12 8 10 3 2 0
9 12 2 4 50 2 3 2
50 19 3 9 13 0 0 1
9 22 18 11 83 2 2 3
16 20 23 7 63 3 4 2
26 2 2 1 61 0 4 1
5 1 3 4 46 3 2 1
11 15 6 9 85 4 2 4
35 11 20 8 0 2 3 1
39 22 22 9 32 1 3 1
19 3 2 5 66 4 4 0
15 7 3 9 77 1 4 2
33 16 20 3 17 2 2 4
58 2 2 9 62 4 3 1
5 21 3 9 30 1 1 1
33 11 6 10 52 2 1 0
1 15 5 4 79 2 2 0
41 23 6 2 51 2 3 3
24 23 1 9 69 4 3 0
55 19 18 4 97 3 0 0
5 6 22 11 58 1 0 1
37 5 27 6 19 0 0 2
35 13 7 2 11 2 3 0
1 12 3 12 99 3 3 3
35 12 5 12 29 4 0 2
53 16 5 8 99 1 2 0
48 12 1 11 1 1 1 4
6 12 11 5 4 1 1 4
55 23 5 5 78 0 2 4
14 15 11 8 71 2 3 4
39 13 27 8 9 1 0 1
44 11 27 8 7 1 4 0
54 22 18 4 77 4 2 2
25 13 1 2 2 2 4 3
13 21 2 1 99 2 1 1
53 21 13 3 43 4 0 0
33 15 15 5 47 2 1 1
5 23 24 8 74 2 2 0
38 15 2 5 41 1 1 3
26 0 18 9 55 4 2 0
54 23 12 9 13 1 4 3
40 7 29 12 35 0 4 1
1 17 26 11 20 2 4 1
53 20 9 5 78 1 0 0
4 6 17 10 37 2 0 1
52 21 30 4 83 1 2 4
1 7 3 8 90 3 2 0
3 18 22 5 19 0 0 4
30 17 4 11 23 2 2 2
37 13 22 9 75 3 1 4
7 15 6 11 41 1 2 4
57 1 2 4 20 0 1 4
9 5 27 7 81 0 4 4
26 20 8 5 39 1 4 3
46 21 30 2 22 0 0 0
31 22 7 9 71 0 4 2
38 5 16 3 36 4 0 3
34 11 8 6 4 2 0 4
23 2 29 11 94 4 4 3
55 17 27 1 77 3 4 3
51 2 12 6 7 1 2 1
44 10 16 6 89 0 0 4
41 0 24 2 62 3 1 1
59 21 16 3 65 4 3 2
18 13 20 9 32 2 1 2
38 19 23 4 76 0 2 0
24 20 5 8 85 2 0 0
0 13 29 11 48 1 3 3
7 6 13 3 5 2 4 3
50 22 23 2 61 3 0 4
28 7 14 6 28 4 2 1
33 22 7 1 10 1 4 4
25 11 20 8 94 4 4 4
53 0 26 2 39 2 1 4
20 10 21 3 80 0 3 2
40 11 21 3 60 3 2 1
35 6 22 12 19 4 0 2
51 11 28 5 30 1 4 3
40 17 18 4 2 3 4 2
3 19 3 2 38 4 3 3
2 5 8 2 93 0 3 4
35 14 29 10 66 4 3 4
44 13 15 3 31 1 2 1
14 18 21 6 0 4 4 4
28 14 1 1 25 1 0 0
